0.52 0.95
0.30 0.42
0.06 0.36
0.35 0.02
0.73 0.51
0.75 0.32
0.88 0.16
0.68 0.10
0.22 0.22
0.68 0.38
0.37 0.27
0.36 0.16
0.63 0.66
0.26 0.95
0.24 0.94
0.02 0.36
0.34 0.57
0.96 0.24
0.98 0.93
0.62 0.16
0.14 0.44
0.97 0.17
0.25 0.29
0.45 0.42
0.16 0.88
0.75 0.19
0.61 0.00
0.37 0.18
0.18 0.32
0.30 0.11
0.25 0.77
0.24 0.12
0.21 0.89
0.72 0.98
0.32 0.70
0.58 0.86
0.85 0.91
0.32 0.97
0.70 0.62
0.29 0.88
0.90 0.97
0.72 0.47
0.45 0.75
0.12 0.66
0.04 0.61
0.23 0.07
0.69 0.42
0.33 0.51
0.52 0.41
0.69 0.93
0.53 0.75
0.94 0.05
0.85 0.28
0.65 0.31
0.58 0.08
0.44 0.25
0.31 0.28
0.96 0.47
0.52 0.32
0.06 0.24
0.37 0.93
0.02 0.69
0.42 0.10
0.84 0.83
0.29 0.42
0.01 0.77
0.36 0.24
0.69 0.01
0.01 0.89
0.04 0.36
0.84 0.96
0.92 0.73
0.77 0.72
0.67 0.95
0.23 0.81
0.67 0.01
0.61 0.58
0.36 0.17
0.22 0.03
0.75 0.10
0.38 0.67
0.36 0.31
0.72 0.22
0.51 0.69
0.49 0.79
0.46 0.88
0.20 0.52
0.08 0.47
0.48 0.45
0.21 0.31
0.08 0.62
0.89 0.49
0.76 0.17
0.30 0.52
0.11 0.31
0.46 0.49
0.47 0.98
0.58 0.75
0.54 0.46
0.05 0.49
